-315111
-210868
-951180
762400
-700959
21409
-772068
223417
-105643
-379948
106767
764995
-443250
-714513
492353
-631411
-229370
-965423
906721
-43029
886675
423222
951609
-183094
-974617
971092
-375629
-131515
278131
376107
-556933
-507527
923844
-148996
-837573
941394
502587
482480
-316042
682556
-106493
960889
-109442
122525
393523
-909570
-278043
492682
-560309
-721935
-366510
-907212
154871
-563277
-189742
-603948
-215213
983463
-260075
841444
-45072
-104912
148956
286832
-180246
-519374
-209041
-260570
-351307
-767987
-196238
-756611
573116
-99227
919324
-298482
-921090
-627461
-377573
806663
102844
-952449
-277594
744789
758862
-664556
849580
-620709
-955535
-187694
949788
56508
942166
385749
761619
-410750
328720
-768542
979501
616691
-898760
-754573
-118001
-853668
-268261
221900
-7697
356682
-314232
223536
-641002
-100436
-664524
836085
-713591
-252375
-467044
-962657
-573933
484677
889442
861897
-82632
-87352
-455257
-131988
-748698
842831
-76810
-812610
529366
706550
457503
478367
-397378
-214250
-928087
516340
280234
-617823
820224
602994
853398
970534
-973965
725081
-905494
313395
-367753
-103844
441581
37678
-625963
-712347
-972229
927685
-499649
447931
-624661
383045
343066
-791579
965814
-382935
360519
-586509
398454
990426
-620427
-667850
422098
481636
688248
-677105
-710478
579521
405229
-926742
930667
602557
-721646
-52953
-674505
-474577
450202
410150
-967625
24952
-691057
60929
975889
211046
-490931
-176598
385710
716289
516657
309469
473030
230150
-144556
764766
-781880
980328
506577
-175259
13570
-343877
-111503
478693
278641
450786
-746
296272
639686
-122846
-415312
-509548
621306
-270454
-556666
-179209
-989457
-387167
-472066
107342
327175
890405
-506732
-134318
-331413
-19472
880537
965263
816225
-851401
-893646
215856
-827763
-151326
204847
468089
531051
-816712
791379
-712640
-505336
558469
-901652
947247
-348860
655402
429616
357896
-732746
962409
-505125
-408959
-665306
57703
-584959
-916896
-182713
702009
-416864
-209116
-919001
879531
-295538
337257
355298
-875397
232767
-804874
111760
-420960
386840
854932
-831186
734006
-77007
399564
-234921
652553
-460973
-808563
461082
-400273
-843573
789780
-905246
-548504
-349848
-542159
149870
-149562
367889
316967
811489
379906
-135014
387117
-247539
-734750
179558
500429
614864
144710
745739
-783070
-856586
-392072
-814562
16000
-1593
695169
748913
-61100
-741114
-50300
-424080
422097
-535803
-763487
937840
470906
-996608
326912
-922100
-931141
677790
51605
-62600
542089
-509721
-301715
126900
631236
757687
-398633
560864
446895
-143256
559532
739111
-162306
806552
700682
-779552
29712
274685
-581793
-296044
250896
-212173
-353834
212574
-794891
909651
-292319
-118856
155102
971459
-328360
933696
-765979
-328110
73160
-874342
639989
-41317
579817
-964379
-14895
-542650
-15359
-51082
-145793
-853040
-555052
254231
364383
-382789
778372
-558289
-387184
-813482
-638346
164794
43032
57044
504694
736656
-500686
-690048
45962
567366
-169204
-184058
414069
995612
-98473
79724
-360125
763093
192238
64695
-545066
864047
-384371
377904
-502334
-356889
998421
414890
-626766
-554323
407528
880281
-409108
-994932
-209927
968876
-22118
-534582
97892
-145073
113713
-526
-53599
627641
-395659
341750
-655680
470639
-417579
476178
-532693
-186487
674552
410352
273079
-865576
-703180
277099
-986715
551758
214010
-860059
492312
-507524
-523439
85797
15088
-150176
345883
145100
-691127
-96801
-995227
461153
-187152
-79781
-980666
930338
-37778
403010
-25196
-630846
95523
-899277
-736821
677483
491938
103701
-390114
561074
-813624
413050
958224
-346602
688285
-475364
650061
-306716
-260793
937580
262361
-431019
-438604
530639
166186
-414687
-58001
-855620
730365
803965
-308216
-582756
598890
754960
353128
999701
-212042
94169
407159
-74710
570422
-990578
516543
666599
122272
950392
283706
-790535
240920
877931
-157652
-923337
-973364
275575
858343
-889364
746190
-179678
-818889
-604956
263719
-702491
52547
263530
-528964
240387
517351
761699
251357
339405
-28331
-936788
-46122
-619404
286693
-277738
732875
-931994
806378
-447183
889825
-58453
-54363
-288394
-266004
201025
-522116
-881586
-447177
-75873
2376
427046
682712
893743
-626958
686993
-385316
413378
-534536
928926
55436
64604
592539
-112532
-759519
-943624
418339
-841129
54458
306825
-119500
-473463
-103398
895689
690867
-785009
-22067
-700772
141484
146882
-864319
755897
-416418
787797
-341561
-967746
676211
629155
58130
-476011
-984317
-34570
138066
14006
671603
487610
327588
-136787
-869791
166441
449547
880611
442058
-618827
865665
197525
347174
-576518
635526
774406
907272
-396577
-175392
220458
429701
660522
237899
-562132
167462
-472846
-574441
-809080
668443
930823
-484783
-740239
-546548
910754
-798393
-770641
-256466
-932340
-808096
170276
-495338
608379
-190715
436355
-991824
-344576
189525
-829315
108541
394438
-364149
461183
644823
859123
-766771
268035
647619
-544573
-244547
-611756
-270785
-944172
877539
-65692
106464
444044
-570439
856579
-639355
869530
-32428
-791463
-849236
-46346
151808
84730
-413046
-149951
-636251
-359223
-945386
29746
-523376
743016
-804282
113027
711429
-735160
873241
323804
787048
-417207
-138561
-209746
-134574
908748
458834
-217859
657593
-813299
-503642
-90491
181268
-986558
-181441
-631936
652850
-65507
461350
-40842
-394564
794768
385011
-195087
-607401
-401188
-106228
829653
309825
273557
-66667
-345942
385646
-405099
-550731
-223354
-805720
150332
38729
539825
485967
-77011
83239
265017
-688077
-948481
-269246
832212
470339
-848878
285366
634323
-574986
262940
420368
-617651
-80419
882624
-32365
-903086
-702287
-15236
-142315
94138
646625
-502566
519033
64944
-933380
-988548
-307501
315225
-737814
-899152
-990436
312292
707234
-301826
-50057
271494
118050
465972
903922
-754168
101319
316052
-961814
-960428
376523
642355
-710891
-978050
-51137
370391
-643549
907671
21199
-546149
530566
-246941
258288
-255606
-205393
-634142
-714001
-41787
-347670
563920
416079
-393074
632812
72902
886451
948457
129904
-939797
318362
299493
915468
657764
-92527
-197642
-359607
27810
10575
-287260
818271
-992884
-566909
-377469
-155532
925399
-557577
351468
500874
118973
509753
992910
824878
966361
896103
744251
245275
660269
-721385
430652
-961297
787385
460827
251049
221328
559012
88282
545952
251690
-50986
-485215
-865365
759889
-927950
-486450
-586050
-858396
-682667
-909994
-989888
-349966
46890
-810512
-94450
-171730
451781
574708
-228071
-503729
-709367
918331
-226689
221987
-538590
-676847
677368
-396622
-752578
249226
-99703
954712
-989242
-119653
578937
-705104
691538
765057
-31759
482391
-805914
-992286
-647508
7236
-396332
441196
592639
771249
-814683
-860673
-639225
370713
-850712
312094
975071
-70227
548289
-958584
140008
37462
617329
-553635
-741853
-521949
216252
616330
64374
-516431
350284
885647
340281
233658
656428
485959
468275
995047
-680910
603513
-910175
-17285
-631034
238963
929105
-984051
629769
424844
-73312
956699
420107
-986922
-593951
-397311
603915
-815835
997183
925608
466050
812327
-941106
-487508
-945393
-518853
852999
-72024
924281
45141
69868
516241
630733
734340
-39065
-449987
-455558
225896
-918964
-864333
-236212
461038
-211188
966057
909273
29289
-408008
-471058
30104
79760
-87804
353400
822139
189090
983245
-407315
-63491
376703
-232871
-897368
368056
-73263
421976
-313233
849088
250158
-176307
450211
-294214
-21757
-38572
-572805
546357
834624
-817617
786153
-417271
-300743
